0 262111 262111
0 262111 262111
sorting A..
sorting B..
6021131 6021131
original 11
idx 10519 len 334 split 42
0 10519 0
1 10519 0
2 10519 0
3 10519 0
4 10519 0
5 10519 0
6 10519 0
7 10519 0
8 10519 0
9 10519 0
10 10519 0
11 10519 0
12 10519 0
13 10519 0
14 10519 0
15 10519 0
16 10519 0
17 10519 0
18 10519 0
19 10519 0
20 10519 0
21 10519 0
22 10519 0
23 10519 0
24 10519 0
25 10519 0
26 10519 0
27 10519 0
28 10519 0
29 10519 0
30 10519 0
31 10519 0
32 10519 0
33 10519 0
34 10519 0
35 10519 0
36 10519 0
37 10519 0
38 10519 0
39 10519 0
40 10519 0
41 10519 0
idx 4429 len 404 split 51
42 4429 42
43 4429 42
44 4429 42
45 4429 42
46 4429 42
47 4429 42
48 4429 42
49 4429 42
50 4429 42
51 4429 42
52 4429 42
53 4429 42
54 4429 42
55 4429 42
56 4429 42
57 4429 42
58 4429 42
59 4429 42
60 4429 42
61 4429 42
62 4429 42
63 4429 42
64 4429 42
65 4429 42
66 4429 42
67 4429 42
68 4429 42
69 4429 42
70 4429 42
71 4429 42
72 4429 42
73 4429 42
74 4429 42
75 4429 42
76 4429 42
77 4429 42
78 4429 42
79 4429 42
80 4429 42
81 4429 42
82 4429 42
83 4429 42
84 4429 42
85 4429 42
86 4429 42
87 4429 42
88 4429 42
89 4429 42
90 4429 42
91 4429 42
92 4429 42
idx 33 len 361 split 46
93 33 93
94 33 93
95 33 93
96 33 93
97 33 93
98 33 93
99 33 93
100 33 93
101 33 93
102 33 93
103 33 93
104 33 93
105 33 93
106 33 93
107 33 93
108 33 93
109 33 93
110 33 93
111 33 93
112 33 93
113 33 93
114 33 93
115 33 93
116 33 93
117 33 93
118 33 93
119 33 93
120 33 93
121 33 93
122 33 93
123 33 93
124 33 93
125 33 93
126 33 93
127 33 93
128 33 93
129 33 93
130 33 93
131 33 93
132 33 93
133 33 93
134 33 93
135 33 93
136 33 93
137 33 93
138 33 93
idx 12771 len 330 split 42
139 12771 139
140 12771 139
141 12771 139
142 12771 139
143 12771 139
144 12771 139
145 12771 139
146 12771 139
147 12771 139
148 12771 139
149 12771 139
150 12771 139
151 12771 139
152 12771 139
153 12771 139
154 12771 139
155 12771 139
156 12771 139
157 12771 139
158 12771 139
159 12771 139
160 12771 139
161 12771 139
162 12771 139
163 12771 139
164 12771 139
165 12771 139
166 12771 139
167 12771 139
168 12771 139
169 12771 139
170 12771 139
171 12771 139
172 12771 139
173 12771 139
174 12771 139
175 12771 139
176 12771 139
177 12771 139
178 12771 139
179 12771 139
180 12771 139
idx 8939 len 221 split 28
181 8939 181
182 8939 181
183 8939 181
184 8939 181
185 8939 181
186 8939 181
187 8939 181
188 8939 181
189 8939 181
190 8939 181
191 8939 181
192 8939 181
193 8939 181
194 8939 181
195 8939 181
196 8939 181
197 8939 181
198 8939 181
199 8939 181
200 8939 181
201 8939 181
202 8939 181
203 8939 181
204 8939 181
205 8939 181
206 8939 181
207 8939 181
208 8939 181
idx 9106 len 227 split 29
209 9106 209
210 9106 209
211 9106 209
212 9106 209
213 9106 209
214 9106 209
215 9106 209
216 9106 209
217 9106 209
218 9106 209
219 9106 209
220 9106 209
221 9106 209
222 9106 209
223 9106 209
224 9106 209
225 9106 209
226 9106 209
227 9106 209
228 9106 209
229 9106 209
230 9106 209
231 9106 209
232 9106 209
233 9106 209
234 9106 209
235 9106 209
236 9106 209
237 9106 209
idx 5737 len 272 split 34
238 5737 238
239 5737 238
240 5737 238
241 5737 238
242 5737 238
243 5737 238
244 5737 238
245 5737 238
246 5737 238
247 5737 238
248 5737 238
249 5737 238
250 5737 238
251 5737 238
252 5737 238
253 5737 238
254 5737 238
255 5737 238
256 5737 238
257 5737 238
258 5737 238
259 5737 238
260 5737 238
261 5737 238
262 5737 238
263 5737 238
264 5737 238
265 5737 238
266 5737 238
267 5737 238
268 5737 238
269 5737 238
270 5737 238
271 5737 238
idx 14949 len 420 split 53
272 14949 272
273 14949 272
274 14949 272
275 14949 272
276 14949 272
277 14949 272
278 14949 272
279 14949 272
280 14949 272
281 14949 272
282 14949 272
283 14949 272
284 14949 272
285 14949 272
286 14949 272
287 14949 272
288 14949 272
289 14949 272
290 14949 272
291 14949 272
292 14949 272
293 14949 272
294 14949 272
295 14949 272
296 14949 272
297 14949 272
298 14949 272
299 14949 272
300 14949 272
301 14949 272
302 14949 272
303 14949 272
304 14949 272
305 14949 272
306 14949 272
307 14949 272
308 14949 272
309 14949 272
310 14949 272
311 14949 272
312 14949 272
313 14949 272
314 14949 272
315 14949 272
316 14949 272
317 14949 272
318 14949 272
319 14949 272
320 14949 272
321 14949 272
322 14949 272
323 14949 272
324 14949 272
idx 8 len 293 split 37
325 8 325
326 8 325
327 8 325
328 8 325
329 8 325
330 8 325
331 8 325
332 8 325
333 8 325
334 8 325
335 8 325
336 8 325
337 8 325
338 8 325
339 8 325
340 8 325
341 8 325
342 8 325
343 8 325
344 8 325
345 8 325
346 8 325
347 8 325
348 8 325
349 8 325
350 8 325
351 8 325
352 8 325
353 8 325
354 8 325
355 8 325
356 8 325
357 8 325
358 8 325
359 8 325
360 8 325
361 8 325
idx 481 len 275 split 35
362 481 362
363 481 362
364 481 362
365 481 362
366 481 362
367 481 362
368 481 362
369 481 362
370 481 362
371 481 362
372 481 362
373 481 362
374 481 362
375 481 362
376 481 362
377 481 362
378 481 362
379 481 362
380 481 362
381 481 362
382 481 362
383 481 362
384 481 362
385 481 362
386 481 362
387 481 362
388 481 362
389 481 362
390 481 362
391 481 362
392 481 362
393 481 362
394 481 362
395 481 362
396 481 362
idx 0 len 2 split 1
397 0 397
splited 11 -> 398
3896236 3896236
